1
3
4
9
10
11
12
13
15
17
18
19
20
21
22
23
24
26
28
29
30
31
32
33
34
35
38
39
40
41
42
45
46
48
49
50
51
54
55
56
57
58
59
60
61
62
64
65
73
76
77
78
81
82
83
84
85
88
92
95
96
97
98
100
101
102
104
107
108
109
110
111
112
113
116
117
119
122
123
124
126
127
128
129
131
132
134
135
136
137
139
140
141
142
143
144
145
146
148
149
150
151
152
153
154
155
156
157
158
160
161
163
164
165
166
167
168
169
172
173
174
175
180
181
185
186
189
191
194
197
199
200
201
202
203
204
207
209
210
212
214
215
217
218
219
220
221
223
225
226
228
230
231
232
233
235
236
237
238
239
240
241
242
243
244
245
248
249
250
251
254
255
256
257
258
259
260
261
263
264
265
266
267
268
270
271
272
273
274
275
276
279
280
282
284
286
287
289
290
291
292
293
294
295
296
297
298
299
300
302
303
304
305
306
310
312
313
314
315
316
317
319
320
321
322
323
324
325
326
328
329
330
331
332
333
334
335
336
337
338
339
340
343
346
347
348
349
350
351
352
353
354
355
356
357
359
360
361
363
364
365
366
367
368
371
372
373
374
375
376
377
378
379
380
383
384
385
386
387
388
389
390
391
393
394
395
396
399
400
401
402
403
404
405
406
409
410
412
413
415
418
419
421
423
424
427
428
429
430
431
432
434
435
436
439
441
443
444
445
446
447
448
449
450
452
453
454
455
456
457
458
460
461
462
463
464
467
469
471
474
475
476
478
479
482
483
484
485
486
488
489
492
493
494
495
496
497
499
500
501
502
503
504
505
507
508
510
511
513
514
515
516
517
518
519
521
522
524
526
528
529
530
531
532
533
534
535
537
538
540
541
542
543
544
545
546
547
548
549
553
554
555
558
559
560
561
564
565
566
568
569
570
571
572
573
575
576
577
580
581
583
584
585
587
588
589
594
595
597
600
601
602
604
605
608
609
610
611
612
615
616
617
618
619
620
621
622
623
624
627
628
630
631
633
634
635
636
637
638
639
641
642
643
644
645
646
649
650
651
653
655
657
659
661
662
664
665
667
668
669
671
672
673
674
675
676
677
681
684
685
686
687
688
689
692
693
695
696
697
701
702
704
706
708
709
710
711
712
713
714
715
718
721
722
723
726
728
729
732
733
734
735
737
738
739
740
742
743
746
748
749
750
751
754
756
757
758
760
761
763
764
765
766
768
770
771
772
773
774
776
777
778
779
780
782
783
784
785
786
787
788
789
790
792
793
794
795
796
797
798
799
802
803
804
806
807
809
810
811
812
813
814
815
817
