0
1
2
3
5
6
7
8
9
11
12
13
14
15
16
17
18
19
20
21
22
24
26
28
29
31
32
34
35
36
37
38
39
40
41
42
44
45
46
47
48
49
50
52
53
54
55
56
57
58
59
60
61
62
63
64
65
66
67
68
70
71
72
73
74
75
76
77
78
79
80
81
82
83
84
87
88
89
91
92
94
95
96
98
102
103
104
106
109
110
111
112
113
114
115
116
117
119
120
121
123
124
126
127
128
129
130
131
132
133
135
136
137
138
139
140
141
142
144
146
148
149
150
151
153
154
156
157
158
159
160
161
162
163
166
167
168
169
170
171
173
174
175
176
177
179
180
181
182
183
184
185
186
187
188
189
190
191
192
193
194
195
196
197
198
199
200
201
203
205
206
207
208
210
211
215
216
218
219
220
221
222
223
224
225
226
227
228
230
232
233
234
235
236
237
238
239
240
241
242
243
244
245
246
247
248
249
250
251
252
253
254
255
256
257
258
259
260
261
262
263
264
265
267
268
269
271
272
273
275
276
277
278
279
281
282
283
285
287
288
289
290
291
294
296
297
298
299
300
301
302
303
304
305
306
308
309
310
311
312
313
314
315
316
317
318
319
320
321
322
323
326
327
328
329
330
331
332
333
334
335
338
339
340
341
343
345
346
347
348
349
350
351
352
353
355
356
358
359
360
361
362
363
364
365
366
367
368
369
370
371
372
373
374
375
376
378
379
380
381
382
383
386
387
388
392
393
394
396
397
398
399
402
403
404
405
406
407
408
409
410
411
412
413
414
415
416
417
418
419
420
421
422
423
424
425
426
427
429
430
431
432
433
434
435
436
438
439
440
441
442
443
444
445
446
447
449
450
451
453
454
455
456
457
458
459
460
461
462
463
464
465
466
467
469
470
471
472
474
475
476
477
479
480
483
487
488
489
490
491
493
494
496
497
498
499
501
502
503
504
505
506
510
511
512
513
514
516
517
518
519
520
521
522
523
524
525
528
529
530
531
532
533
534
536
537
538
540
542
543
545
546
547
548
549
550
553
554
556
558
559
560
561
563
568
569
570
572
575
576
578
580
585
586
587
588
589
590
591
592
593
594
597
598
599
600
601
602
603
605
606
607
609
610
611
612
613
615
616
617
619
620
621
622
623
624
625
626
627
628
629
630
631
633
634
635
637
638
639
641
643
645
648
649
650
651
652
653
654
655
657
658
659
660
661
662
664
665
667
668
