0
1
3
4
8
9
10
11
12
13
14
15
16
18
19
20
21
22
23
24
25
26
28
30
31
34
35
36
39
40
44
45
46
47
48
49
50
51
52
53
54
57
59
61
62
63
64
66
67
68
69
70
71
72
73
76
77
80
81
83
84
85
86
87
88
89
90
91
92
93
94
95
96
98
100
101
104
106
107
108
109
110
111
113
115
116
117
118
119
120
121
123
125
126
127
128
129
130
131
132
133
134
136
137
139
140
141
142
143
144
145
147
148
149
150
151
152
153
155
156
157
159
160
161
162
164
165
166
167
168
170
171
172
173
174
175
177
179
180
181
183
184
185
186
187
188
190
191
193
194
195
197
198
199
200
201
202
203
204
205
206
207
209
212
213
214
215
216
217
219
220
222
223
224
225
226
227
228
229
230
233
234
236
237
238
240
241
242
243
244
245
248
249
250
251
252
255
256
258
259
260
261
262
264
265
266
267
269
270
271
272
273
276
277
278
279
280
281
282
283
284
285
286
287
289
291
292
293
295
296
297
298
299
300
302
